--- 563860737173235856

607450071 928242164 268
450302725 559698998 871055241
532674608 707007274 762454291
521888673 168943247 913943297
98416172 760598955 817981242
513563554 256291468 755560986
570672520 730295595 751941021
379559379 750535591 885239480
116100050 170300930 927621455
540473012 499794623 512356234
539369038 886713990 886928537
79070265 880411304 896583489
140276799 798335912 916603863
98636933 1202709 879488109
341254620 893497268 919917804
311365335 277764483 282335668
118499905 308204856 368404708
378525849 350505383 694007240
387659779 124386394 347555974
231127749 680758447 683050546
331317078 879050332 917549302
78811866 114869586 358259324
466941426 19786610 600967172
265208573 902073593 911026823
240610948 679272591 724621715
571861463 809277962 821507849
483985741 186566373 777455710
472970456 72839485 886562173
184661243 178646576 786961766
473050334 72317158 680975874
357200441 508496094 657051735
35538070 666702967 686753598
28065792 915273269 926582096
597300471 725905580 924062661
273625191 804932521 886735686
79816591 638227693 870850239
235371732 26400002 96865545
13574274 882092809 897037919
228144693 524676628 876342384
472696383 271129203 760251089
631656 478784391 554632693
167888226 503090361 908665682
261490682 109729561 497468059
524114722 175689738 628399987
487668717 886825672 915751327
183072633 237049565 838307170
50546268 829812140 897782424
141153292 702776070 732464494
167662962 162197179 189085663
265266263 785195256 920288572
558054005 450678772 910970464
391778295 426913730 834986132
168249334 474914674 623783964
251153738 344394895 892984444
444481670 246911876 780802804
130753966 215133993 237420638
532651299 699721927 870309448
226115513 604248517 889817010
289316642 508105268 741421981
594051302 170988815 330354020
124984315 97887128 764978748
94279462 827771028 874166249
518330905 569463693 866606708
10959462 672398945 886287734
80527498 315860459 335817440
559472278 662123233 711906970
488728802 496173188 725964607
755817 125958708 639917915
76809841 652090336 848389035
151882289 462037433 728522340
123035306 242171884 594068970
98677166 68943824 768507525
357078308 349959806 515005216
362166328 856372566 887911220
190427778 488788916 560171580
7129976 498858950 529974650
417505568 421436752 633793402
294474512 644267160 850966076
178954464 705431043 862532330
464506399 923549385 928021073
478490639 42540386 820235812
294823089 804406189 817661239
89532934 259893861 333475526
605383369 613004044 660082023
11269772 535677076 742847564
379279812 225861143 728705156
212304261 600918195 857230193
5995068 350535167 394967381
317650652 573638201 605086843
541493209 376482804 427107301
521888673 913943297 925747499
379559379 885239480 900762157
235371732 26400002 372246555
140276799 916603863 927981061
391778295 834986132 853740115
518330905 569463693 840122357
357078308 349959806 853968530
387659779 347555974 372824798
311365335 282335668 762216272
539369038 886713990 926392397
226115513 889817010 894623502
10959462 886287734 924025392
521888673 913943297 922458450
11269772 535677076 800506728
513563554 755560986 865251619
265266263 785195256 827978267
80527498 315860459 889669201
178954464 862532330 925129856
80527498 335817440 719483592
357078308 349959806 830641948
35538070 666702967 831054717
362166328 887911220 907538347
116100050 170300930 737941085
478490639 820235812 881136405
265266263 920288572 925040681
362166328 887911220 919670985
167888226 503090361 709636984
289316642 508105268 525609024
141153292 732464494 766006037
488728802 496173188 705484705
116100050 170300930 792922207
570672520 730295595 851634280
466941426 600967172 815812731
311365335 277764483 620845703
178954464 862532330 903218358
331317078 917549302 921073289
5995068 394967381 647394738
357200441 657051735 870162018
378525849 350505383 885432993
98677166 68943824 534577693
594051302 330354020 357143363
183072633 237049565 352779278
558054005 450678772 461878508
559472278 662123233 837482190
78811866 114869586 400325670
541493209 427107301 718348299
5995068 394967381 659793372
289316642 741421981 757338054
387659779 347555974 594983738
94279462 874166249 886157424
379559379 750535591 825411150
521888673 913943297 916857837
265208573 911026823 925523672
261490682 109729561 259360495
178954464 705431043 922616361
559472278 711906970 805923208
755817 125958708 852877880
228144693 876342384 909275607
35538070 686753598 872536274
273625191 804932521 901913373
317650652 605086843 771878557
98416172 817981242 879388030
178954464 705431043 821620276
168249334 623783964 804190499
631656 478784391 492811967
559472278 711906970 801313533
487668717 886825672 912102960
178954464 862532330 902027763
294823089 804406189 904574438
228144693 876342384 910650233
571861463 821507849 928037352
251153738 892984444 903060030
89532934 259893861 516984185
231127749 683050546 780027660
532651299 699721927 810869191
226115513 604248517 880447312
488728802 496173188 608697557
140276799 916603863 925636100
80527498 335817440 584502290
294823089 817661239 885686218
118499905 368404708 756510551
466941426 19786610 420129781
5995068 350535167 665058815
378525849 350505383 603927577
294474512 644267160 664062029
487668717 915751327 921225411
265208573 902073593 904624211
178954464 705431043 796986364
631656 554632693 786138614
50546268 897782424 915431842
28065792 926582096 927682187
251153738 892984444 896365808
311365335 282335668 749143670
79816591 870850239 888967342
5995068 350535167 595376496
265208573 911026823 925826111
594051302 170988815 178745871
473050334 680975874 829635461
151882289 728522340 850972671
140276799 916603863 921220775
5995068 350535167 495967581
167888226 503090361 603882095
466941426 19786610 98703138
631656 478784391 559796019
357200441 508496094 731737304
631656 554632693 686216112
124984315 764978748 901902862
98636933 879488109 900518197
631656 554632693 651743571
251153738 344394895 723054539
379279812 225861143 731791980
265208573 902073593 906448224
28065792 926582096 926860379
273625191 886735686 888264837
444481670 780802804 889865651
28065792 926582096 927684151
167662962 162197179 569901992
123035306 594068970 896209342
10959462 886287734 920212508
631656 554632693 783185224
294474512 850966076 918769653
558054005 910970464 914535307
265266263 785195256 801218293
98416172 760598955 806941584
317650652 605086843 623947318
79070265 896583489 913482420
78811866 358259324 389978788
98416172 817981242 890317868
79070265 896583489 903732260
167888226 503090361 580404252
11269772 535677076 573711411
473050334 72317158 161058873
50546268 829812140 888210780
98416172 817981242 895766249
341254620 893497268 907373119
317650652 605086843 763636247
212304261 857230193 906333676
450302725 559698998 566484964
379279812 728705156 794792565
226115513 889817010 927469469
178954464 705431043 836565940
167888226 503090361 612278987
50546268 897782424 913674718
487668717 915751327 920041955
124984315 97887128 555082092
98636933 1202709 136216634
521888673 913943297 915843314
184661243 178646576 301948525
10959462 886287734 925861217
387659779 347555974 797238387
124984315 764978748 791802782
5995068 350535167 466099905
540473012 499794623 813683492
124984315 764978748 790775618
631656 478784391 590721397
178954464 705431043 923196471
118499905 368404708 525052303
518330905 866606708 907790610
7129976 529974650 690733886
94279462 874166249 875118535
183072633 237049565 411817002
130753966 237420638 832185698
178954464 705431043 900876657
391778295 834986132 906741904
521888673 913943297 915562640
605383369 660082023 873625212
518330905 569463693 928162881
94279462 827771028 889190036
331317078 879050332 925498939
594051302 330354020 837674872
235371732 26400002 742555213
289316642 741421981 854103422
539369038 886713990 901249062
594051302 330354020 428087496
541493209 427107301 751889468
513563554 256291468 484004587
5995068 394967381 860133097
13574274 882092809 927967536
178954464 705431043 875518023
