1000 1000
-879 981 -866 890 -406 10 512 859 494 362 -955 -475 128 553 -986 -885 763 77 449 310 787 -656 -204 -709 -270 76 -267 184 170 -985 33 -822 666 418 26 -247 898 -104 85 -146 980 631 359 908 -560 -744 -764 836 -103 -531 -116 316 681 -148 226 206 -439 -961 -792 598 -629 -705 -479 -494 -169 608 -921 348 729 -100 -970 742 131 -766 522 987 968 -650 -929 -119 810 -562 -229 -792 362 -738 565 643 -131 285 -33 964 925 765 910 -240 338 -689 892 -518 663 447 796 716 -830 -465 835 426 88 -49 -810 -159 326 -345 -925 97 -371 496 921 693 526 785 -218 -939 119 935 -994 510 716 513 -18 -202 943 107 654 -940 629 592 529 618 403 -497 -538 -996 496 -499 80 768 714 -346 -477 883 -527 -116 -362 -462 389 818 -470 -124 -523 650 -651 -58 -854 -85 947 974 -789 651 -369 -88 154 -660 -412 -516 -395 -424 -80 743 -603 371 153 393 450 276 -209 -25 -704 673 -926 621 -636 787 -214 -84 -584 551 427 759 355 -120 675 -690 176 244 205 471 434 667 511 723 628 -846 -896 560 -661 -252 -53 -432 -8 -792 681 496 914 -208 -420 -331 -297 582 827 743 264 350 -75 172 -456 829 908 99 613 372 -70 119 219 527 183 -39 172 250 139 -352 -484 629 824 -606 87 475 -113 -451 -674 -597 490 -246 684 -308 -114 -172 863 787 991 274 -546 294 430 -27 -86 954 894 218 -397 -509 -881 725 3 921 -392 -826 -515 -762 96 422 353 -931 755 -827 -63 691 695 693 629 116 -483 78 40 -260 352 298 -796 90 310 -382 802 84 979 411 849 878 809 -592 159 767 549 -144 855 408 439 -596 -647 195 -388 -220 623 971 796 231 -89 -748 829 761 463 871 239 218 -153 -804 91 -659 808 -983 -467 -490 140 -38 493 767 -155 -583 -891 -376 756 889 358 -419 109 -111 538 -237 730 -492 -474 391 -709 856 -95 -508 993 223 -416 -318 -611 -577 -37 451 971 -117 -751 -461 -107 -897 418 -690 -91 -428 360 -330 -273 781 376 -52 804 -775 769 251 52 -871 -611 336 735 842 985 -283 -697 316 86 707 -928 670 -117 754 -882 -914 -888 -198 401 -677 290 -334 462 213 -795 -510 -312 -332 -348 287 823 72 -629 92 688 553 -330 731 -245 675 -407 -461 -591 324 -121 640 377 -11 606 92 468 458 875 654 499 556 -159 -709 422 -326 430 -102 216 26 -986 994 -436 477 384 770 709 -504 -70 -626 -175 281 796 648 -461 838 438 -647 811 -843 -405 988 -340 -165 267 298 -176 -991 751 -899 374 -661 -387 554 81 214 -585 -920 -110 873 570 817 423 246 326 879 349 -757 -77 -936 -906 -309 105 -926 -783 165 -851 -650 -533 -942 391 -994 -949 37 -683 14 -198 -778 -491 -597 82 873 -272 413 -762 -856 892 -650 -383 -917 -773 -837 265 -202 304 650 339 923 357 -422 -832 750 -133 -97 206 -227 846 741 803 -433 -138 760 477 -106 -324 904 -817 142 -399 -798 31 -728 497 88 532 110 935 -523 -460 -536 -885 652 782 513 -558 -521 -808 124 -708 -943 52 -856 -755 -958 913 380 -767 373 -731 -492 213 538 392 -39 509 -840 135 78 -285 -241 522 -572 -915 -691 -16 812 -385 162 71 903 493 386 783 -617 849 469 708 924 781 848 955 229 279 -433 177 436 149 -21 887 14 438 448 -373 475 -692 269 947 -447 -654 -233 -791 309 -479 701 -354 628 -128 -2 -205 432 474 -352 -776 -983 -631 158 -641 -398 -920 -207 994 982 354 -339 -828 -864 682 -698 -480 195 8 175 698 -701 684 879 780 298 -18 -404 -923 237 37 -213 108 -71 -50 -870 372 772 -117 -550 -352 -870 -647 98 -457 818 -30 698 -966 -766 353 -738 865 42 -822 -599 -876 -71 959 -560 -811 -790 -631 724 -350 -556 82 -722 -465 883 -634 634 685 -279 -184 205 187 -754 -935 810 -787 -675 -435 -818 2 669 -955 677 52 625 657 -215 -398 649 871 -204 -94 -289 203 789 -172 -403 601 567 -653 55 -861 32 -459 413 -964 -18 -162 887 500 -296 835 -566 533 719 -419 -846 501 -5 -679 390 906 322 -903 -661 -770 -46 845 807 -766 -91 -542 908 391 -921 753 -790 533 996 -899 -742 234 374 -542 -856 705 231 -524 106 32 -372 -936 -669 982 268 609 177 -916 849 274 -125 -755 768 134 358 303 560 -717 -575 -528 459 -932 879 -910 -790 -172 759 -336 26 -106 592 -927 757 735 591 -553 734 -874 -222 -643 460 -465 580 -593 334 742 94 -189 -47 968 84 -365 650 222 584 935 684 -304 -512 -346 -10 947 -560 646 595 195 -262 -80 -481 -778 657 558 52 -69 303 654 -515 -488 292 330 731 -556 5 -656 -810 206 -262 379 662 -353 267 80 197 -889 -925 185 -782 -920 626 -742 -264 -971 -646 6 340 -851 337 718 171 669 -909 627 -435 -697 -744 338 -949 335 -19 859 366 809 -358 795 -937 9 -153 -971 -2 1000 -490 -456 946 161 170 -580 922 -487 -756 511 761 531 -118 -831 -795 767 -965 814 -30 -512 487 -570 -320 -949 557 251 -814 630 -921 -891 160 405 -500 -395 361 88 -580 -151 -463 311 -567 -798 -153
554 967
215 289
141 583
15 281
865 920
504 545
82 285
164 976
95 812
144 179
589 994
232 794
322 333
19 147
397 862
617 643
611 925
274 973
64 498
640 908
388 613
531 544
550 590
184 235
56 664
352 520
112 373
448 793
443 878
822 953
614 830
353 713
343 592
18 774
268 293
557 607
173 375
210 222
637 762
574 721
387 780
386 472
457 639
138 539
360 816
694 915
672 840
121 419
377 518
599 863
635 717
348 364
526 706
396 597
600 614
736 894
228 299
118 959
677 905
114 261
286 837
680 737
247 344
742 972
589 885
104 403
597 699
686 803
548 651
224 977
351 787
166 266
376 861
235 428
95 689
655 871
719 895
250 769
461 737
144 798
179 528
13 236
138 380
259 505
85 897
136 918
161 663
589 627
438 867
23 404
664 944
10 647
89 256
892 905
666 759
645 887
271 306
331 888
301 579
126 498
313 911
277 747
2 971
15 811
218 986
158 334
659 661
623 730
614 793
613 961
612 855
582 913
200 284
357 656
151 826
174 485
46 157
693 696
83 99
938 968
141 319
649 651
78 652
331 930
294 299
117 751
456 791
36 694
464 558
78 533
460 864
293 780
554 956
523 877
273 907
97 97
231 548
323 423
147 189
571 853
246 591
500 553
8 664
526 902
15 594
70 537
174 364
4 653
204 434
363 644
69 638
866 995
164 398
251 783
919 988
829 872
61 547
630 970
143 172
31 633
7 536
473 476
402 947
700 754
360 654
491 863
494 495
63 449
525 879
71 151
769 938
85 252
191 787
53 582
283 762
32 833
65 864
261 987
243 849
350 418
315 515
64 629
65 975
9 135
430 880
507 954
275 318
199 899
434 521
552 892
237 743
388 472
112 387
698 897
621 627
429 531
11 606
146 901
197 562
542 553
795 976
111 957
226 226
397 843
2 950
301 660
124 758
96 381
671 792
456 932
518 529
207 598
369 491
1 23
686 716
41 386
365 553
777 856
76 633
93 917
340 379
10 434
584 959
605 683
248 721
22 206
314 757
314 430
482 710
41 488
20 477
332 450
312 939
453 886
656 690
289 488
429 591
12 496
372 525
428 898
657 815
18 841
117 130
22 567
104 483
250 420
127 131
204 823
350 849
798 806
100 783
79 244
167 284
15 783
521 593
9 589
519 771
240 516
444 928
85 131
226 537
323 634
212 641
546 793
508 918
636 948
184 749
667 766
276 705
253 935
78 540
338 891
292 975
69 769
141 433
897 979
630 937
159 802
677 830
62 416
762 984
459 725
110 304
563 857
247 891
390 454
36 267
13 36
322 566
173 288
205 230
300 600
812 894
529 550
141 748
169 335
311 636
134 626
113 392
78 236
436 862
520 971
539 804
120 414
242 984
103 749
141 401
160 580
732 804
172 718
411 763
434 689
247 756
760 982
281 589
903 942
740 747
657 778
50 987
38 290
744 744
29 659
354 954
321 780
626 661
507 687
401 795
236 873
550 973
539 605
394 525
69 925
752 890
202 825
432 843
3 91
152 802
483 975
445 729
12 683
557 722
570 995
52 292
528 548
264 325
561 906
180 216
113 309
161 831
488 838
126 711
612 993
254 333
61 473
830 970
159 704
543 826
411 967
155 873
755 960
553 577
113 938
167 637
102 494
183 284
723 952
60 702
158 927
640 693
337 894
26 586
293 605
24 425
641 734
317 985
200 556
22 535
144 267
207 224
18 221
696 963
479 837
462 808
88 639
130 576
58 413
773 829
134 850
159 528
310 421
916 946
926 956
714 899
548 980
88 933
127 902
564 576
707 891
87 775
203 929
372 386
691 963
275 956
460 1000
194 220
9 645
205 662
65 992
175 915
257 970
481 677
384 457
357 620
827 929
34 868
426 940
563 833
365 496
188 619
272 792
304 573
105 318
785 917
666 768
146 165
490 660
31 849
85 817
584 927
319 870
354 622
56 90
72 932
258 850
124 647
598 946
2 918
527 652
343 961
415 531
222 653
793 934
93 810
940 1000
428 699
139 724
495 534
296 883
482 903
577 689
393 910
831 879
154 221
105 612
136 187
225 625
438 545
160 615
813 891
272 416
36 948
316 588
76 842
177 538
258 266
226 823
9 541
462 887
74 680
119 904
523 923
424 623
527 861
272 967
188 762
472 771
571 811
739 887
434 566
164 966
434 434
207 913
795 900
258 940
511 951
758 889
213 989
273 789
331 839
52 819
916 944
630 828
446 652
18 780
116 531
267 516
772 841
90 995
46 215
249 366
830 880
15 677
734 915
60 285
462 796
358 588
143 897
393 757
353 626
454 975
16 377
352 790
115 878
694 908
225 906
122 805
646 914
235 305
329 539
717 925
44 368
529 938
155 901
475 719
466 625
395 784
197 320
363 568
411 699
828 896
49 75
464 741
413 603
7 904
140 578
398 941
301 823
651 713
137 913
233 450
115 853
264 764
200 506
562 565
141 261
272 935
326 489
287 683
656 957
382 799
257 985
32 882
247 264
76 728
433 870
160 823
184 367
723 787
755 775
266 768
93 886
540 872
20 171
198 379
395 530
58 548
345 404
564 924
496 853
127 366
129 921
659 991
736 767
250 877
382 752
611 743
306 754
222 496
605 968
620 791
290 975
327 368
477 567
274 733
266 804
66 784
886 908
153 197
144 833
57 75
149 625
162 275
224 396
341 833
172 962
188 219
623 710
726 828
4 563
66 683
280 519
107 110
759 879
129 845
811 925
5 100
473 951
62 642
288 853
276 395
154 701
432 578
162 893
666 715
670 708
672 826
126 904
301 532
208 437
563 700
404 836
697 793
42 402
42 934
808 926
256 850
118 607
431 716
555 915
180 336
98 631
182 685
173 663
119 374
405 829
170 655
275 849
319 544
439 497
349 421
362 480
240 452
396 969
77 879
937 972
203 302
247 809
171 933
112 299
340 505
399 659
884 962
114 830
612 891
32 516
265 945
619 672
175 631
646 655
818 997
87 90
130 250
513 609
373 500
665 779
199 386
249 843
563 978
55 166
230 427
77 597
356 449
84 116
265 445
497 618
900 932
688 894
105 574
105 747
252 775
426 534
78 863
6 110
856 904
591 967
85 951
488 768
825 973
129 196
214 247
36 227
570 675
508 513
576 880
284 360
353 602
59 275
522 923
9 409
91 323
379 549
29 587
694 942
55 487
321 360
571 806
163 365
288 317
112 289
732 879
56 110
380 673
552 793
236 569
549 837
548 642
63 727
480 637
273 615
243 465
49 535
239 298
191 524
220 835
312 740
531 837
239 718
271 950
56 662
1 304
49 610
187 301
62 865
192 865
325 591
285 797
810 877
306 987
563 826
689 782
122 615
31 675
638 669
210 753
10 610
343 603
734 950
591 742
628 856
278 450
77 497
164 808
116 574
200 637
366 591
401 720
497 970
942 983
54 966
231 664
757 815
431 789
176 261
177 622
585 733
232 578
271 342
77 894
107 881
342 464
94 965
545 605
350 700
733 901
246 877
130 265
493 576
15 927
618 911
436 875
16 64
662 933
507 778
501 539
91 778
679 977
420 807
298 536
547 873
238 911
241 424
715 812
599 634
179 674
808 822
262 588
234 940
212 607
338 697
179 645
138 392
505 995
162 973
589 593
111 437
35 193
148 732
433 578
542 560
896 987
320 680
18 714
395 407
665 886
327 920
78 712
155 783
374 801
760 837
593 698
234 645
324 769
266 355
555 774
123 404
197 308
525 863
84 435
276 859
608 933
618 830
434 775
554 640
693 735
613 720
55 439
179 702
283 760
255 603
333 574
383 994
334 943
234 399
102 522
611 942
286 826
107 923
824 828
298 962
512 753
33 45
480 799
71 320
926 935
220 369
439 748
423 903
280 943
366 877
345 439
411 919
153 476
646 771
265 594
370 488
310 855
151 773
489 951
49 945
697 722
287 974
10 147
763 1000
239 643
108 554
313 319
586 627
320 857
392 656
211 898
440 555
798 860
279 886
672 864
532 634
78 207
633 822
332 672
122 873
127 545
32 315
43 626
28 306
726 827
145 702
349 454
781 850
246 851
636 732
397 697
13 148
153 990
329 732
757 834
372 972
639 757
512 540
568 831
567 968
288 608
4 865
506 659
782 865
640 952
56 536
608 797
419 743
123 269
22 639
323 534
691 812
510 685
77 899
588 659
40 134
704 929
247 532
371 680
108 821
765 854
246 619
754 877
138 904
90 559
104 960
176 268
217 309
246 823
365 573
178 314
173 829
257 311
52 850
225 418
105 876
581 792
541 630
360 574
349 533
129 653
419 837
430 450
453 957
535 551
449 507
485 820
251 827
467 805
100 498
440 845
345 975
350 401
300 757
417 832
151 228
65 786
44 347
139 499
394 831
175 516
540 939
666 897
699 706
168 370
35 442
224 589
38 108
225 645
392 536
153 797
231 747
158 992
367 449
228 653
538 774
866 997
69 97
215 388
377 644
755 846
138 596
193 532
62 834
208 840
820 901
226 370
6 227
954 962
603 792
94 717