1 8 11 17 20 20 42 83 94 95 

2 3 4 4 4 5 5 5 6 7 8 8 8 8 9 9 10 11 11 13 14 16 16 16 17 17 18 18 18 19 20 20 21 22 22 23 23 24 24 26 26 27 27 28 28 29 29 30 30 30 30 30 31 31 34 35 36 37 38 39 39 40 42 43 43 45 45 45 47 47 48 48 48 49 50 53 54 54 55 55 55 55 56 56 56 57 58 58 58 59 60 60 60 61 64 64 65 66 67 70 70 71 71 72 72 72 74 74 75 75 75 76 77 77 78 79 80 80 81 84 84 85 85 86 87 87 87 88 89 89 89 90 90 90 91 92 92 92 95 95 96 97 97 98 99 

2 5 8 12 12 14 18 20 31 33 42 50 56 57 58 61 65 66 67 68 76 78 84 85 88 89 89 90 91 94 98 

1 1 1 1 1 8 10 11 11 12 12 13 13 16 16 16 17 17 18 18 18 19 19 19 20 21 23 24 25 26 27 27 27 28 31 32 33 34 34 35 39 39 40 41 42 43 44 45 45 46 46 49 50 51 52 54 54 54 54 55 61 63 63 63 64 65 65 67 67 68 68 71 72 76 76 76 77 78 80 82 83 83 84 85 85 85 87 87 88 90 93 94 95 97 98 98 100 

4 4 4 4 5 5 6 7 8 9 10 10 10 11 11 12 12 12 13 14 14 14 15 15 16 17 18 18 18 18 18 19 20 21 22 23 24 24 24 24 25 25 25 25 26 26 27 27 27 28 28 28 29 29 29 31 31 33 33 33 33 34 34 34 35 35 37 37 37 38 38 39 39 40 41 42 42 42 42 42 46 46 46 47 48 48 49 50 50 51 51 51 52 52 55 55 55 56 56 56 57 58 58 59 60 60 60 60 61 61 61 62 64 64 64 65 65 65 65 66 66 66 68 69 70 70 70 70 72 72 72 72 72 74 74 76 77 78 78 79 80 81 81 81 82 83 83 85 86 88 88 88 88 89 90 91 92 93 94 94 95 95 96 97 99 99 100 100 100 

1 1 3 5 5 6 6 11 12 15 18 19 21 21 22 22 22 23 24 24 25 26 26 26 26 27 28 28 30 32 32 33 35 35 38 38 39 40 40 46 46 50 51 51 54 55 59 60 61 61 62 62 62 63 63 63 63 64 65 67 68 70 71 72 76 79 82 83 83 84 86 87 89 90 92 92 92 94 95 96 96 97 97 99 99 99 100 