6
9
8
11
17
20
20
42
83
94
95
1
1
86
2
3
4
4
5
5
6
7
8
8
10
11
11
13
14
16
17
18
18
19
20
20
22
23
26
29
29
30
30
30
30
30
31
31
35
36
38
39
39
43
47
48
48
48
49
50
54
54
56
56
57
58
58
58
59
60
60
61
64
64
65
66
67
70
72
72
74
75
76
77
77
80
84
84
85
86
87
89
89
90
91
92
95
96
97
98
59
4
5
8
8
9
9
16
16
17
18
21
22
23
24
24
26
27
27
28
28
34
37
40
42
43
45
45
45
47
53
55
55
55
55
56
60
70
71
71
72
74
75
75
78
79
80
81
85
87
87
88
89
90
90
92
92
95
97
99
29
2
5
8
12
12
14
18
20
31
33
42
50
56
57
58
61
65
66
67
76
78
84
85
88
89
89
90
94
98
2
68
91
31
1
1
11
12
13
18
18
19
19
20
23
24
25
26
28
35
40
43
44
46
52
63
68
68
76
80
82
83
88
94
100
66
1
1
1
8
10
11
12
13
16
16
16
17
17
18
19
21
27
27
27
31
32
33
34
34
39
39
41
42
45
45
46
49
50
51
54
54
54
54
55
61
63
63
64
65
65
67
67
71
72
76
76
77
78
83
84
85
85
85
87
87
90
93
95
97
98
98
100
4
5
6
8
9
10
11
13
14
14
14
15
16
17
18
18
19
23
24
24
24
25
25
25
26
27
29
29
31
33
33
34
34
35
35
37
37
38
42
42
46
47
48
49
51
51
52
52
55
55
56
58
58
60
60
60
61
61
62
64
64
65
65
65
66
66
68
69
70
70
70
72
72
72
74
74
76
77
78
78
79
80
81
82
83
85
86
88
88
88
89
91
92
94
95
96
99
99
100
100
69
4
4
4
5
7
10
10
11
12
12
12
15
18
18
18
20
21
22
24
25
26
27
27
28
28
28
29
31
33
33
34
37
38
39
39
40
41
42
42
42
46
46
48
50
50
51
55
56
56
57
59
60
61
64
65
66
70
72
72
81
81
83
88
90
93
94
95
97
100
10
15
21
22
28
40
50
55
61
62
92
77
1
1
3
5
5
6
6
11
12
18
19
21
22
22
23
24
24
25
26
26
26
26
27
28
30
32
32
33
35
35
38
38
39
40
46
46
51
51
54
59
60
61
62
62
63
63
63
63
64
65
67
68
70
71
72
76
79
82
83
83
84
86
87
89
90
92
92
94
95
96
96
97
97
99
99
99
100